164,3
199,4
33,3
188,4
32,3
196,4
206,3
208,5
27,3
31,4
24,4
162,8
249,3
236,3
236,1
246,3
242,3
246,5
14,34
83,3
194,3
83,4
194,4
14,5
196,1
103,3
198,3
198,4
0,556
29,3
75,4
14,10
14,23
0,534
217,4
31,1
93,3
0,451
0,12
0,317
183,4
297,3
297,2
297,1
297,0
307,6
307,5
231,3
192,3
63,3
64,3
192,4
14,35
0,535
0,539
0,459
0,456
14,4
80,4
58,3
58,6
58,5
58,4
14,24
0,272
0,271
0,452
0,461
0,512
309,35
309,2
309,0
224,3
90,3
195,3
245,3
245,4
14,20
0,480
160,35
160,27
160,34
160,33
160,32
161,11
161,0
160,31
160,30
160,29
160,28
160,14
160,26
161,10
161,7
160,25
160,24
160,23
160,22
160,21
161,9
160,20
160,19
146,12
160,18
161,8
161,4
160,17
160,16
160,15
160,11
160,13
160,12
160,10
161,6
161,1
161,5
161,2
160,9
160,4
160,8
160,1
160,7
14,15
0,437
0,417
84,5
249,5
160,2
160,0
0,479
0,477
160,6
13,5
160,5
160,3
161,3
26,3
109,8
280,3
121,3
121,8
121,4
163,3
73,3
126,3
34,13
34,12
94,4
60,3
60,5
0,476
0,474
56,6
56,5
0,473
0,365
282,5
282,3
288,3
109,11
151,3
139,14
0,472
100,7
0,471
0,470
0,469
0,408
0,401
0,301
0,415
0,384
0,343
0,344
0,549
0,545
0,388
309,34
309,33
309,32
309,31
309,30
309,29
309,28
309,27
309,26
309,25
309,24
309,23
309,22
309,21
309,20
309,19
309,18
309,17
309,16
309,15
309,14
309,13
309,12
309,11
309,10
309,9
309,8
309,7
309,6
309,5
309,4
309,3
0,424
0,468
0,552
0,387
0,303
0,551
0,337
0,466
0,405
0,339
0,345
0,311
99,13
99,12
99,11
99,10
99,5
99,4
0,7
0,465
0,554
0,11
0,464
0,463
0,460
14,19
0,543
0,4
140,12
0,454
0,450
139,18
0,449
0,351
146,9
146,5
0,342
0,352
14,28
0,448
0,383
0,382
0,328
0,214
0,319
0,350
0,321
0,381
0,570
140,9
140,8
140,7
0,506
0,324
0,349
146,19
0,380
13,3
0,402
0,398
0,378
0,309
0,268
91,4
48,5
139,13
287,3
96,4
0,418
0,265
0,264
0,261
0,253
0,533
0,248
0,245
0,455
0,238
0,234
0,475
0,222
0,537
0,206
0,323
0,536
0,320
0,407
0,376
0,294
0,288
0,260
0,528
0,257
0,244
0,386
0,375
47,9
47,8
47,7
47,6
47,5
47,4
0,307
50,7
50,1
50,6
50,0
0,277
0,348
0,434
0,252
0,249
0,532
0,374
0,531
0,226
0,373
219,3
166,4
